{
 "cells": [
  {
   "cell_type": "code",
   "execution_count": 159,
   "metadata": {},
   "outputs": [],
   "source": [
    "import os\n",
    "import sys\n",
    "\n",
    "from math import cos,sin,tan,asin,acos,radians,sqrt,degrees,atan,atan2,copysign\n",
    "import numpy as np\n",
    "\n",
    "#os.environ[\"CUDA_VISIBLE_DEVICES\"] = \"-1\"\n",
    "import pandas as pd\n",
    "from sklearn.preprocessing import MinMaxScaler\n",
    "import pickle\n",
    "import scipy\n",
    "from scipy.stats import norm\n",
    "import random\n",
    "import time\n",
    "import timeit\n",
    "import math\n",
    "import localization as lx\n",
    "import gzip\n",
    "\n",
    "import util.npose_util as nu\n",
    "import datetime\n",
    "from sklearn.preprocessing import MinMaxScaler\n",
    "from scipy.spatial import cKDTree\n",
    "\n",
    "import tensorflow as tf\n",
    "import joblib\n",
    "from sklearn.manifold import MDS\n",
    "import argparse\n",
    "from functools import partial\n",
    "from itertools import starmap,repeat,permutations,combinations\n",
    "\n",
    "from pymol import cmd, stored, selector\n",
    "\n",
    "import GenerateEndpoints as ge\n",
    "import HelixFit as hf\n",
    "import FitTransform as ft\n",
    "\n",
    "import seaborn as sns\n",
    "import util.RotationMethods as rm\n",
    "\n",
    "#reference helix for propogation\n",
    "zero_ih = nu.npose_from_file('util/zero_ih.pdb')\n",
    "tt = zero_ih.reshape(int(len(zero_ih)/5),5,4)\n",
    "stub = tt[7:10].reshape(15,4)\n",
    "\n",
    "np.set_printoptions(precision=2)\n",
    "%config Completer.use_jedi = False"
   ]
  },
  {
   "cell_type": "code",
   "execution_count": 2,
   "metadata": {},
   "outputs": [],
   "source": [
    "#load distance maps\n",
    "def load_distance_map(name, dm_file='data/Fits_4H_dm_phi.npz'):\n",
    "    rr = np.load(dm_file, allow_pickle=True)\n",
    "    X_train, y_train , featNames = [rr[f] for f in rr.files]\n",
    "    \n",
    "    \n",
    "    return X_train[y_train==name][:,:-4]\n"
   ]
  },
  {
   "cell_type": "code",
   "execution_count": 3,
   "metadata": {},
   "outputs": [],
   "source": [
    "# dm_file = 'data/Fits_4H_dm_phi.npz'\n",
    "# rr = np.load(dm_file, allow_pickle=True)\n",
    "# X_train, y_train , featNames = [rr[f] for f in rr.files]"
   ]
  },
  {
   "cell_type": "code",
   "execution_count": 4,
   "metadata": {},
   "outputs": [],
   "source": [
    "model_direc = 'data/4H_dataset/models/'\n",
    "# cmd.load(f'{model_direc}{y_train[0]}.pdb')\n",
    "\n",
    "# cmd.save(f'output/test.pdb')"
   ]
  },
  {
   "cell_type": "code",
   "execution_count": 5,
   "metadata": {},
   "outputs": [],
   "source": [
    "#endpoints for data set \n",
    "Fits4H_file = 'data/Fits_4H.csv'\n",
    "dfRead = pd.read_csv(Fits4H_file)\n",
    "df1 = ft.prepData_Str(dfRead,rmsd_filter=100)\n",
    "df2 = ft.EndPoint(df1)\n",
    "ep = df2.to_numpy()[:,:24].astype(float).reshape((-1,8,3))\n",
    "X = ep"
   ]
  },
  {
   "cell_type": "code",
   "execution_count": 9,
   "metadata": {},
   "outputs": [],
   "source": [
    "def index_helix_ep(ep_in,helices_desired=[0,1],num_helices=4):\n",
    "    \n",
    "    num_ep = num_helices*2\n",
    "    hi = np.array(helices_desired,dtype=int)\n",
    "    h_ep = np.array(range(num_ep)).reshape((-1,2)) #generate helix to endpoint mapping\n",
    "    \n",
    "    #alternate example for indexing batch of X \n",
    "    #X.reshape((X.shape[0],-1))[:,indexarray]\n",
    "    \n",
    "    #select desired endpoints from  batch of endpoints\n",
    "    return X[np.ix_(np.array(range(ep_in.shape[0])),h_ep[hi].flatten(), np.array(range(ep_in.shape[2])))]\n",
    "    \n",
    "def get_midpoint(ep_in,helices_desired=[0,1],num_helices=4):\n",
    "    \n",
    "    num_ep = num_helices*2\n",
    "    \n",
    "    ind_ep = index_helix_ep(ep_in, helices_desired=helices_desired, num_helices=4)\n",
    "    \n",
    "    #calculate midpoint\n",
    "    midpoint = ind_ep.sum(axis=1)/np.repeat(ind_ep.shape[1], ind_ep.shape[2])\n",
    "    \n",
    "    return midpoint\n",
    "    \n",
    "    \n",
    "    \n",
    "    "
   ]
  },
  {
   "cell_type": "code",
   "execution_count": 68,
   "metadata": {},
   "outputs": [],
   "source": [
    "#distance map and midpoint calculation of dataset\n",
    "\n",
    "#distance map of ep dataset\n",
    "#unsqueeze at two different dimensionsq to broadcast into matrix MX1 by 1XN to MXN \n",
    "dX = np.expand_dims(X,axis=1) - np.expand_dims(X,axis=2)\n",
    "dist = np.sqrt(np.sum(dX**2, 3))  #+ 1e-6) #this dataset is good \n",
    "dist = dist.reshape((dist.shape[0],-1))\n",
    "\n",
    "mp_01 = get_midpoint(X,helices_desired=[0,1])\n",
    "mp_23 = get_midpoint(X,helices_desired=[2,3])\n",
    "# d= np.linalg.norm(mp_02-mp_01,axis=1)\n",
    "# sns.histplot(d)\n",
    "\n",
    "#mp distance map\n",
    "ep_mp = np.hstack((X.reshape((-1,24)),mp_01,mp_23)).reshape(-1,10,3) #helix12mp=8  helix34mp=9\n",
    "#unsqueeze at two different dimensionsq to broadcast into matrix MX1 by 1XN to MXN \n",
    "dep_mp = np.expand_dims(ep_mp,axis=1) - np.expand_dims(ep_mp,axis=2)\n",
    "dist_mp = np.sqrt(np.sum(dep_mp**2, 3))  #+ 1e-6) #this dataset is good "
   ]
  },
  {
   "cell_type": "code",
   "execution_count": 8,
   "metadata": {},
   "outputs": [],
   "source": [
    "#https://en.wikipedia.org/wiki/Cayley%E2%80%93Menger_determinant"
   ]
  },
  {
   "cell_type": "code",
   "execution_count": 249,
   "metadata": {},
   "outputs": [],
   "source": [
    "def tet_start():\n",
    "    \"\"\"Generate all tetrahedrons between endpoints of helices 1/2 to 3/4 and then 3/4 to 1/2\"\"\"\n",
    "    tetra_ind = []\n",
    "    for x in combinations((range(4)),3):\n",
    "        for y in range(4):\n",
    "            tetra_ind.append(list(x))\n",
    "            tetra_ind[-1].append(y+4)\n",
    "\n",
    "    for x in combinations((range(4,8)),3):\n",
    "        for y in range(4):\n",
    "            tetra_ind.append(list(x))\n",
    "            tetra_ind[-1].append(y)\n",
    "    return np.array(tetra_ind)\n",
    "\n",
    "def tetrahedron_index(dm_points,num_helices=4, ret_upperInd=False):\n",
    "    \"\"\"Convert index of points into indexing output distances of generator \"\"\"\n",
    "    #prep indices for distance map\n",
    "    num_ep = num_helices*2\n",
    "    mat_ind = np.array(range((num_ep)**2)).reshape((num_ep,num_ep))\n",
    "    iu1 = np.triu_indices(num_ep, 1)\n",
    "    tot_ind = []\n",
    "    \n",
    "    for x in permutations(dm_points,2): \n",
    "        # permutations means I don't have to worry about order of points/\n",
    "        # indexing the lower half of the distance map\n",
    "        new_ind = np.intersect1d(mat_ind[x[0]], mat_ind.T[x[1]])\n",
    "        tot_ind.extend(new_ind)\n",
    "    \n",
    "    upperInd = np.intersect1d(tot_ind,mat_ind[iu1])\n",
    "    #print(upperInd)\n",
    "    if ret_upperInd:\n",
    "        return upperInd\n",
    "    \n",
    "    out_ind = []\n",
    "    for x in upperInd.flatten():\n",
    "        out_ind.append(np.nonzero(mat_ind[iu1]==x))\n",
    "        \n",
    "    out_ind = np.array(out_ind)\n",
    "    \n",
    "    return out_ind.flatten()"
   ]
  },
  {
   "cell_type": "code",
   "execution_count": 144,
   "metadata": {
    "collapsed": true
   },
   "outputs": [
    {
     "name": "stdout",
     "output_type": "stream",
     "text": [
      "[[ 0  1  2  3  4  5  6  7]\n",
      " [ 8  9 10 11 12 13 14 15]\n",
      " [16 17 18 19 20 21 22 23]\n",
      " [24 25 26 27 28 29 30 31]\n",
      " [32 33 34 35 36 37 38 39]\n",
      " [40 41 42 43 44 45 46 47]\n",
      " [48 49 50 51 52 53 54 55]\n",
      " [56 57 58 59 60 61 62 63]]\n"
     ]
    }
   ],
   "source": [
    "# for help checking indices\n",
    "# num_helices=4\n",
    "    \n",
    "# #prep indices for distance map\n",
    "# num_ep = num_helices*2\n",
    "# mat_ind = np.array(range((num_ep)**2)).reshape((num_ep,num_ep))\n",
    "# iu1 = np.triu_indices(num_ep, 1)\n",
    "# il1 = np.tril_indices(num_ep, 1)\n",
    "# print(mat_ind)"
   ]
  },
  {
   "cell_type": "code",
   "execution_count": 250,
   "metadata": {},
   "outputs": [],
   "source": [
    "tetraind = []\n",
    "ti_p = tet_start()\n",
    "\n",
    "for x in ti_p:\n",
    "    tetraind.append(tetrahedron_index(x,ret_upperInd=True))\n",
    "ti = np.array(tetraind)\n",
    "\n"
   ]
  },
  {
   "cell_type": "code",
   "execution_count": 253,
   "metadata": {},
   "outputs": [],
   "source": [
    "all_tets = dist[:,ti]"
   ]
  },
  {
   "cell_type": "code",
   "execution_count": 268,
   "metadata": {},
   "outputs": [
    {
     "data": {
      "text/plain": [
       "(27877, 32, 6)"
      ]
     },
     "execution_count": 268,
     "metadata": {},
     "output_type": "execute_result"
    }
   ],
   "source": [
    "all_tets.shape"
   ]
  },
  {
   "cell_type": "code",
   "execution_count": 264,
   "metadata": {},
   "outputs": [],
   "source": [
    "a=np.ones((5,5))\n",
    "np.fill_diagonal(a, 0)\n",
    "a =np.repeat(np.expand_dims(a,axis=0), all_tets.shape[1],axis=0)\n",
    "a =np.repeat(np.expand_dims(a,axis=0), all_tets.shape[0],axis=0)"
   ]
  },
  {
   "cell_type": "code",
   "execution_count": 266,
   "metadata": {},
   "outputs": [
    {
     "data": {
      "text/plain": [
       "(27877, 32, 5, 5)"
      ]
     },
     "execution_count": 266,
     "metadata": {},
     "output_type": "execute_result"
    }
   ],
   "source": [
    "a.shape"
   ]
  },
  {
   "cell_type": "code",
   "execution_count": 371,
   "metadata": {},
   "outputs": [],
   "source": [
    "iu1_mod1 = np.array(np.triu_indices(4,1))\n",
    "iu1_mod1 += 1\n",
    "\n",
    "\n",
    "il1_mod1 = np.array(np.tril_indices(4,-1))\n",
    "il1_mod1 += 1\n",
    "\n",
    "iu1_mod1 = tuple(iu1_mod1)\n",
    "il1_mod1 = tuple(il1_mod1)\n",
    "\n",
    "a[:,:,iu1_mod1[0],iu1_mod1[1]] = np.square(all_tets)\n",
    "a[:,:,il1_mod1[0],il1_mod1[1]] = np.transpose(a,axes=(0,1,3,2))[:,:,il1_mod1[0],il1_mod1[1]]\n"
   ]
  },
  {
   "cell_type": "code",
   "execution_count": 373,
   "metadata": {},
   "outputs": [
    {
     "data": {
      "text/plain": [
       "array([[332.04, 258.15, 213.93, ..., 208.92, 263.39,  54.01],\n",
       "       [430.81, 188.44, 234.02, ..., 227.42, 313.65,  30.15],\n",
       "       [144.36, 278.68, 231.94, ..., 154.6 , 199.8 , 334.02],\n",
       "       ...,\n",
       "       [ 96.1 , 264.97, 225.49, ..., 144.42, 120.63,  77.55],\n",
       "       [219.  , 234.24, 249.47, ..., 169.07, 110.8 ,  48.75],\n",
       "       [134.61, 289.68, 289.81, ..., 207.09, 169.66, 124.41]])"
      ]
     },
     "execution_count": 373,
     "metadata": {},
     "output_type": "execute_result"
    }
   ],
   "source": [
    "np.sqrt(np.linalg.det(a)/288)"
   ]
  },
  {
   "cell_type": "code",
   "execution_count": 362,
   "metadata": {},
   "outputs": [
    {
     "data": {
      "text/plain": [
       "array([[[ 0.  ,  1.  ,  1.  ,  1.  ,  1.  ],\n",
       "        [ 1.  ,  0.  , 16.61, 13.77, 15.53],\n",
       "        [ 1.  , 16.61,  0.  , 10.4 , 27.14],\n",
       "        [ 1.  , 13.77, 10.4 ,  0.  , 23.31],\n",
       "        [ 1.  , 15.53, 27.14, 23.31,  0.  ]],\n",
       "\n",
       "       [[ 0.  ,  1.  ,  1.  ,  1.  ,  1.  ],\n",
       "        [ 1.  ,  0.  , 16.61, 13.77, 21.25],\n",
       "        [ 1.  , 16.61,  0.  , 10.4 , 13.24],\n",
       "        [ 1.  , 13.77, 10.4 ,  0.  , 12.38],\n",
       "        [ 1.  , 21.25, 13.24, 12.38,  0.  ]],\n",
       "\n",
       "       [[ 0.  ,  1.  ,  1.  ,  1.  ,  1.  ],\n",
       "        [ 1.  ,  0.  , 16.61, 13.77, 17.59],\n",
       "        [ 1.  , 16.61,  0.  , 10.4 ,  9.16],\n",
       "        [ 1.  , 13.77, 10.4 ,  0.  , 13.78],\n",
       "        [ 1.  , 17.59,  9.16, 13.78,  0.  ]],\n",
       "\n",
       "       [[ 0.  ,  1.  ,  1.  ,  1.  ,  1.  ],\n",
       "        [ 1.  ,  0.  , 16.61, 13.77, 11.19],\n",
       "        [ 1.  , 16.61,  0.  , 10.4 , 21.72],\n",
       "        [ 1.  , 13.77, 10.4 ,  0.  , 21.74],\n",
       "        [ 1.  , 11.19, 21.72, 21.74,  0.  ]],\n",
       "\n",
       "       [[ 0.  ,  1.  ,  1.  ,  1.  ,  1.  ],\n",
       "        [ 1.  ,  0.  , 16.61, 19.02, 15.53],\n",
       "        [ 1.  , 16.61,  0.  , 33.36, 27.14],\n",
       "        [ 1.  , 19.02, 33.36,  0.  ,  9.98],\n",
       "        [ 1.  , 15.53, 27.14,  9.98,  0.  ]],\n",
       "\n",
       "       [[ 0.  ,  1.  ,  1.  ,  1.  ,  1.  ],\n",
       "        [ 1.  ,  0.  , 16.61, 19.02, 21.25],\n",
       "        [ 1.  , 16.61,  0.  , 33.36, 13.24],\n",
       "        [ 1.  , 19.02, 33.36,  0.  , 30.93],\n",
       "        [ 1.  , 21.25, 13.24, 30.93,  0.  ]],\n",
       "\n",
       "       [[ 0.  ,  1.  ,  1.  ,  1.  ,  1.  ],\n",
       "        [ 1.  ,  0.  , 16.61, 19.02, 17.59],\n",
       "        [ 1.  , 16.61,  0.  , 33.36,  9.16],\n",
       "        [ 1.  , 19.02, 33.36,  0.  , 30.47],\n",
       "        [ 1.  , 17.59,  9.16, 30.47,  0.  ]],\n",
       "\n",
       "       [[ 0.  ,  1.  ,  1.  ,  1.  ,  1.  ],\n",
       "        [ 1.  ,  0.  , 16.61, 19.02, 11.19],\n",
       "        [ 1.  , 16.61,  0.  , 33.36, 21.72],\n",
       "        [ 1.  , 19.02, 33.36,  0.  , 18.24],\n",
       "        [ 1.  , 11.19, 21.72, 18.24,  0.  ]],\n",
       "\n",
       "       [[ 0.  ,  1.  ,  1.  ,  1.  ,  1.  ],\n",
       "        [ 1.  ,  0.  , 13.77, 19.02, 15.53],\n",
       "        [ 1.  , 13.77,  0.  , 27.18, 23.31],\n",
       "        [ 1.  , 19.02, 27.18,  0.  ,  9.98],\n",
       "        [ 1.  , 15.53, 23.31,  9.98,  0.  ]],\n",
       "\n",
       "       [[ 0.  ,  1.  ,  1.  ,  1.  ,  1.  ],\n",
       "        [ 1.  ,  0.  , 13.77, 19.02, 21.25],\n",
       "        [ 1.  , 13.77,  0.  , 27.18, 12.38],\n",
       "        [ 1.  , 19.02, 27.18,  0.  , 30.93],\n",
       "        [ 1.  , 21.25, 12.38, 30.93,  0.  ]],\n",
       "\n",
       "       [[ 0.  ,  1.  ,  1.  ,  1.  ,  1.  ],\n",
       "        [ 1.  ,  0.  , 13.77, 19.02, 17.59],\n",
       "        [ 1.  , 13.77,  0.  , 27.18, 13.78],\n",
       "        [ 1.  , 19.02, 27.18,  0.  , 30.47],\n",
       "        [ 1.  , 17.59, 13.78, 30.47,  0.  ]],\n",
       "\n",
       "       [[ 0.  ,  1.  ,  1.  ,  1.  ,  1.  ],\n",
       "        [ 1.  ,  0.  , 13.77, 19.02, 11.19],\n",
       "        [ 1.  , 13.77,  0.  , 27.18, 21.74],\n",
       "        [ 1.  , 19.02, 27.18,  0.  , 18.24],\n",
       "        [ 1.  , 11.19, 21.74, 18.24,  0.  ]],\n",
       "\n",
       "       [[ 0.  ,  1.  ,  1.  ,  1.  ,  1.  ],\n",
       "        [ 1.  ,  0.  , 10.4 , 33.36, 27.14],\n",
       "        [ 1.  , 10.4 ,  0.  , 27.18, 23.31],\n",
       "        [ 1.  , 33.36, 27.18,  0.  ,  9.98],\n",
       "        [ 1.  , 27.14, 23.31,  9.98,  0.  ]],\n",
       "\n",
       "       [[ 0.  ,  1.  ,  1.  ,  1.  ,  1.  ],\n",
       "        [ 1.  ,  0.  , 10.4 , 33.36, 13.24],\n",
       "        [ 1.  , 10.4 ,  0.  , 27.18, 12.38],\n",
       "        [ 1.  , 33.36, 27.18,  0.  , 30.93],\n",
       "        [ 1.  , 13.24, 12.38, 30.93,  0.  ]],\n",
       "\n",
       "       [[ 0.  ,  1.  ,  1.  ,  1.  ,  1.  ],\n",
       "        [ 1.  ,  0.  , 10.4 , 33.36,  9.16],\n",
       "        [ 1.  , 10.4 ,  0.  , 27.18, 13.78],\n",
       "        [ 1.  , 33.36, 27.18,  0.  , 30.47],\n",
       "        [ 1.  ,  9.16, 13.78, 30.47,  0.  ]],\n",
       "\n",
       "       [[ 0.  ,  1.  ,  1.  ,  1.  ,  1.  ],\n",
       "        [ 1.  ,  0.  , 10.4 , 33.36, 21.72],\n",
       "        [ 1.  , 10.4 ,  0.  , 27.18, 21.74],\n",
       "        [ 1.  , 33.36, 27.18,  0.  , 18.24],\n",
       "        [ 1.  , 21.72, 21.74, 18.24,  0.  ]],\n",
       "\n",
       "       [[ 0.  ,  1.  ,  1.  ,  1.  ,  1.  ],\n",
       "        [ 1.  ,  0.  , 15.53, 21.25, 17.59],\n",
       "        [ 1.  , 15.53,  0.  , 24.16, 22.41],\n",
       "        [ 1.  , 21.25, 24.16,  0.  ,  8.83],\n",
       "        [ 1.  , 17.59, 22.41,  8.83,  0.  ]],\n",
       "\n",
       "       [[ 0.  ,  1.  ,  1.  ,  1.  ,  1.  ],\n",
       "        [ 1.  ,  0.  , 27.14, 13.24,  9.16],\n",
       "        [ 1.  , 27.14,  0.  , 24.16, 22.41],\n",
       "        [ 1.  , 13.24, 24.16,  0.  ,  8.83],\n",
       "        [ 1.  ,  9.16, 22.41,  8.83,  0.  ]],\n",
       "\n",
       "       [[ 0.  ,  1.  ,  1.  ,  1.  ,  1.  ],\n",
       "        [ 1.  ,  0.  , 23.31, 12.38, 13.78],\n",
       "        [ 1.  , 23.31,  0.  , 24.16, 22.41],\n",
       "        [ 1.  , 12.38, 24.16,  0.  ,  8.83],\n",
       "        [ 1.  , 13.78, 22.41,  8.83,  0.  ]],\n",
       "\n",
       "       [[ 0.  ,  1.  ,  1.  ,  1.  ,  1.  ],\n",
       "        [ 1.  ,  0.  ,  9.98, 30.93, 30.47],\n",
       "        [ 1.  ,  9.98,  0.  , 24.16, 22.41],\n",
       "        [ 1.  , 30.93, 24.16,  0.  ,  8.83],\n",
       "        [ 1.  , 30.47, 22.41,  8.83,  0.  ]],\n",
       "\n",
       "       [[ 0.  ,  1.  ,  1.  ,  1.  ,  1.  ],\n",
       "        [ 1.  ,  0.  , 15.53, 21.25, 11.19],\n",
       "        [ 1.  , 15.53,  0.  , 24.16, 10.67],\n",
       "        [ 1.  , 21.25, 24.16,  0.  , 23.55],\n",
       "        [ 1.  , 11.19, 10.67, 23.55,  0.  ]],\n",
       "\n",
       "       [[ 0.  ,  1.  ,  1.  ,  1.  ,  1.  ],\n",
       "        [ 1.  ,  0.  , 27.14, 13.24, 21.72],\n",
       "        [ 1.  , 27.14,  0.  , 24.16, 10.67],\n",
       "        [ 1.  , 13.24, 24.16,  0.  , 23.55],\n",
       "        [ 1.  , 21.72, 10.67, 23.55,  0.  ]],\n",
       "\n",
       "       [[ 0.  ,  1.  ,  1.  ,  1.  ,  1.  ],\n",
       "        [ 1.  ,  0.  , 23.31, 12.38, 21.74],\n",
       "        [ 1.  , 23.31,  0.  , 24.16, 10.67],\n",
       "        [ 1.  , 12.38, 24.16,  0.  , 23.55],\n",
       "        [ 1.  , 21.74, 10.67, 23.55,  0.  ]],\n",
       "\n",
       "       [[ 0.  ,  1.  ,  1.  ,  1.  ,  1.  ],\n",
       "        [ 1.  ,  0.  ,  9.98, 30.93, 18.24],\n",
       "        [ 1.  ,  9.98,  0.  , 24.16, 10.67],\n",
       "        [ 1.  , 30.93, 24.16,  0.  , 23.55],\n",
       "        [ 1.  , 18.24, 10.67, 23.55,  0.  ]],\n",
       "\n",
       "       [[ 0.  ,  1.  ,  1.  ,  1.  ,  1.  ],\n",
       "        [ 1.  ,  0.  , 15.53, 17.59, 11.19],\n",
       "        [ 1.  , 15.53,  0.  , 22.41, 10.67],\n",
       "        [ 1.  , 17.59, 22.41,  0.  , 18.12],\n",
       "        [ 1.  , 11.19, 10.67, 18.12,  0.  ]],\n",
       "\n",
       "       [[ 0.  ,  1.  ,  1.  ,  1.  ,  1.  ],\n",
       "        [ 1.  ,  0.  , 27.14,  9.16, 21.72],\n",
       "        [ 1.  , 27.14,  0.  , 22.41, 10.67],\n",
       "        [ 1.  ,  9.16, 22.41,  0.  , 18.12],\n",
       "        [ 1.  , 21.72, 10.67, 18.12,  0.  ]],\n",
       "\n",
       "       [[ 0.  ,  1.  ,  1.  ,  1.  ,  1.  ],\n",
       "        [ 1.  ,  0.  , 23.31, 13.78, 21.74],\n",
       "        [ 1.  , 23.31,  0.  , 22.41, 10.67],\n",
       "        [ 1.  , 13.78, 22.41,  0.  , 18.12],\n",
       "        [ 1.  , 21.74, 10.67, 18.12,  0.  ]],\n",
       "\n",
       "       [[ 0.  ,  1.  ,  1.  ,  1.  ,  1.  ],\n",
       "        [ 1.  ,  0.  ,  9.98, 30.47, 18.24],\n",
       "        [ 1.  ,  9.98,  0.  , 22.41, 10.67],\n",
       "        [ 1.  , 30.47, 22.41,  0.  , 18.12],\n",
       "        [ 1.  , 18.24, 10.67, 18.12,  0.  ]],\n",
       "\n",
       "       [[ 0.  ,  1.  ,  1.  ,  1.  ,  1.  ],\n",
       "        [ 1.  ,  0.  , 21.25, 17.59, 11.19],\n",
       "        [ 1.  , 21.25,  0.  ,  8.83, 23.55],\n",
       "        [ 1.  , 17.59,  8.83,  0.  , 18.12],\n",
       "        [ 1.  , 11.19, 23.55, 18.12,  0.  ]],\n",
       "\n",
       "       [[ 0.  ,  1.  ,  1.  ,  1.  ,  1.  ],\n",
       "        [ 1.  ,  0.  , 13.24,  9.16, 21.72],\n",
       "        [ 1.  , 13.24,  0.  ,  8.83, 23.55],\n",
       "        [ 1.  ,  9.16,  8.83,  0.  , 18.12],\n",
       "        [ 1.  , 21.72, 23.55, 18.12,  0.  ]],\n",
       "\n",
       "       [[ 0.  ,  1.  ,  1.  ,  1.  ,  1.  ],\n",
       "        [ 1.  ,  0.  , 12.38, 13.78, 21.74],\n",
       "        [ 1.  , 12.38,  0.  ,  8.83, 23.55],\n",
       "        [ 1.  , 13.78,  8.83,  0.  , 18.12],\n",
       "        [ 1.  , 21.74, 23.55, 18.12,  0.  ]],\n",
       "\n",
       "       [[ 0.  ,  1.  ,  1.  ,  1.  ,  1.  ],\n",
       "        [ 1.  ,  0.  , 30.93, 30.47, 18.24],\n",
       "        [ 1.  , 30.93,  0.  ,  8.83, 23.55],\n",
       "        [ 1.  , 30.47,  8.83,  0.  , 18.12],\n",
       "        [ 1.  , 18.24, 23.55, 18.12,  0.  ]]])"
      ]
     },
     "execution_count": 362,
     "metadata": {},
     "output_type": "execute_result"
    }
   ],
   "source": [
    "a[0]"
   ]
  },
  {
   "cell_type": "code",
   "execution_count": 338,
   "metadata": {},
   "outputs": [
    {
     "data": {
      "text/plain": [
       "(27877, 32, 6)"
      ]
     },
     "execution_count": 338,
     "metadata": {},
     "output_type": "execute_result"
    }
   ],
   "source": [
    "all_tets.shape"
   ]
  },
  {
   "cell_type": "code",
   "execution_count": 322,
   "metadata": {},
   "outputs": [
    {
     "ename": "ValueError",
     "evalue": "shape mismatch: value array of shape (27877,32,6) could not be broadcast to indexing result of shape (32,2,6,27877,5,5)",
     "output_type": "error",
     "traceback": [
      "\u001b[1;31m---------------------------------------------------------------------------\u001b[0m",
      "\u001b[1;31mValueError\u001b[0m                                Traceback (most recent call last)",
      "\u001b[1;32m<ipython-input-322-44565e9b2ce9>\u001b[0m in \u001b[0;36m<module>\u001b[1;34m\u001b[0m\n\u001b[1;32m----> 1\u001b[1;33m \u001b[0ma\u001b[0m\u001b[1;33m[\u001b[0m\u001b[1;33m:\u001b[0m\u001b[1;33m,\u001b[0m\u001b[0miu1_mod1\u001b[0m\u001b[1;33m]\u001b[0m \u001b[1;33m=\u001b[0m  \u001b[0mall_tets\u001b[0m\u001b[1;33m\u001b[0m\u001b[1;33m\u001b[0m\u001b[0m\n\u001b[0m\u001b[0;32m      2\u001b[0m \u001b[1;33m\u001b[0m\u001b[0m\n\u001b[0;32m      3\u001b[0m \u001b[0ma\u001b[0m\u001b[1;33m[\u001b[0m\u001b[1;33m:\u001b[0m\u001b[1;33m,\u001b[0m\u001b[0mil1_mod1\u001b[0m\u001b[1;33m]\u001b[0m \u001b[1;33m=\u001b[0m \u001b[0ma\u001b[0m\u001b[1;33m.\u001b[0m\u001b[0mT\u001b[0m\u001b[1;33m[\u001b[0m\u001b[1;33m:\u001b[0m\u001b[1;33m,\u001b[0m\u001b[0mil1_mod1\u001b[0m\u001b[1;33m]\u001b[0m\u001b[1;33m\u001b[0m\u001b[1;33m\u001b[0m\u001b[0m\n",
      "\u001b[1;31mValueError\u001b[0m: shape mismatch: value array of shape (27877,32,6) could not be broadcast to indexing result of shape (32,2,6,27877,5,5)"
     ]
    }
   ],
   "source": [
    "a[:,iu1_mod1] =  all_tets\n",
    "\n",
    "a[:,il1_mod1] = a.T[:,il1_mod1]"
   ]
  },
  {
   "cell_type": "code",
   "execution_count": 235,
   "metadata": {},
   "outputs": [
    {
     "data": {
      "text/plain": [
       "array([[ 0.,  1.,  1.,  1.,  1.],\n",
       "       [ 1.,  0., 19., 20., 21.],\n",
       "       [ 1., 19.,  0., 25., 26.],\n",
       "       [ 1., 20., 25.,  0., 27.],\n",
       "       [ 1., 21., 26., 27.,  0.]])"
      ]
     },
     "execution_count": 235,
     "metadata": {},
     "output_type": "execute_result"
    }
   ],
   "source": [
    "\n",
    "a[iu1_mod1] =  ti[0]\n",
    "\n",
    "a[il1_mod1] = a.T[il1_mod1]\n",
    "\n",
    "a"
   ]
  },
  {
   "cell_type": "code",
   "execution_count": 231,
   "metadata": {},
   "outputs": [
    {
     "data": {
      "text/plain": [
       "(array([2, 3, 3, 4, 4, 4], dtype=int64),\n",
       " array([1, 1, 2, 1, 2, 3], dtype=int64))"
      ]
     },
     "execution_count": 231,
     "metadata": {},
     "output_type": "execute_result"
    }
   ],
   "source": [
    "il1_mod1"
   ]
  },
  {
   "attachments": {
    "image.png": {
